14,157
14,156
16,8
16,7
16,6
16,5
16,4
16,3
16,2
16,1
16,0
15,8
15,7
15,6
15,5
15,4
15,3
15,2
15,1
15,0
14,178
14,177
14,176
14,175
14,174
14,173
14,172
14,171
14,155
14,154
14,153
14,152
14,151
14,150
14,149
14,148
14,147
14,146
14,145
14,144
14,143
14,142
14,141
14,140
14,139
14,138
14,137
14,136
14,135
14,134
14,133
14,132
14,131
14,130
14,129
14,128
14,127
14,126
14,125
14,124
14,123
14,122
14,120
14,118
14,117
14,116
14,115
14,114
14,113
14,112
14,111
14,110
14,109
14,108
14,107
14,106
14,105
14,104
14,103
14,102
14,101
14,100
14,99
14,98
14,97
14,96
14,95
14,94
14,93
14,92
14,91
14,90
14,89
14,88
14,87
14,86
14,85
14,84
14,83
14,82
14,81
14,80
14,79
14,78
14,77
14,76
14,75
14,74
14,73
14,72
14,71
14,70
14,69
14,68
14,67
14,66
14,65
14,64
14,31
14,30
14,29
14,28
14,27
14,26
14,25
14,23
14,22
14,20
14,18
14,16
14,15
14,14
14,5
14,4
14,3
14,2
14,1
14,0
13,4
13,3
13,2
13,1
13,0
12,9
12,8
12,7
12,6
12,5
12,4
12,3
12,2
12,1
12,0
11,5
11,4
11,3
11,2
11,1
11,0
10,4
10,3
10,2
10,1
10,0
9,5
9,4
9,3
9,2
9,1
9,0
8,5
8,4
8,3
8,2
8,1
8,0
7,5
7,4
7,3
7,2
7,1
7,0
6,91
6,90
6,89
6,88
6,5
6,4
6,3
6,2
6,1
6,0
5,6
5,5
5,4
5,3
5,2
5,1
5,0
4,3
2,23
2,22
2,21
2,20
2,19
2,18
2,17
2,16
2,15
2,14
2,13
2,12
2,11
2,10
2,9
2,8
2,7
2,6
2,5
2,4
2,3
2,2
2,1
2,0
1,3
0,549
0,502
0,487
0,486
0,461
0,243
0,9
0,1
16,9
16,10
17,1
17,2
17,4
17,5
17,7
17,9
17,10
17,12
17,13
18,0
18,2
18,3
19,0
19,1
19,3
19,4
20,1
20,3
20,4
21,0
21,1
21,3
22,0
22,1
22,3
22,4
23,0
23,1
23,3
24,0
24,1
24,3
24,4
24,6
25,0
25,1
25,3
25,4
26,1
26,2
26,4
27,0
27,1
27,3
27,4
27,6
28,0
28,1
28,3
28,4
29,0
29,2
29,3
30,1
30,2
30,4
30,5
31,1
31,3
32,0
32,2
32,3
33,0
33,2
33,3
33,5
34,0
34,2
34,3
35,0
35,2
35,3
36,0
36,1
36,3
36,5
37,0
37,2
37,3
37,5
37,6
37,8
37,10
38,0
38,2
38,3
39,0
39,2
39,3
40,1
40,2
40,4
41,1
41,2
41,4
42,0
42,2
42,3
43,0
43,2
43,3
43,5
43,6
44,1
44,3
44,4
44,6
44,7
45,0
45,1
45,3
45,5
46,0
46,2
46,3
46,5
47,1
47,2
47,4
47,5
48,1
48,2
48,4
49,1
49,2
49,4
49,5
50,1
50,3
51,0
51,2
51,3
51,5
51,6
51,8
51,10
52,0
52,2
52,3
52,5
52,7
53,0
53,2
53,3
53,5
54,1
54,2
54,4
54,5
55,1
55,2
55,4
56,1
56,2
56,4
56,5
57,1
57,3
57,4
58,1
58,2
58,4
59,0
59,2
59,4
59,5
60,1
60,2
60,4
61,0
61,1
61,3
61,4
62,1
62,2
62,4
64,0
64,1
64,3
64,4
65,0
65,2
65,3
66,0
66,1
66,3
67,0
67,1
67,3
67,4
67,6
68,0
68,2
68,4
68,5
68,7
68,8
68,10
68,12
68,13
68,15
68,16
68,18
68,19
68,21
68,23
68,24
68,26
68,27
68,29
68,31
68,32
68,34
68,35
68,65
68,66
68,68
68,70
68,71
68,73
68,74
68,76
68,78
68,79
68,81
68,82
68,84
68,85
68,87
68,89
68,90
68,92
68,93
68,95
68,97
68,98
68,100
68,101
68,103
68,105
68,106
68,108
68,109
68,111
68,112
68,114
68,116
68,117
68,119
68,120
68,122
68,124
68,125
68,127
68,128
68,130
69,0
69,2
69,4
70,0
70,2
70,3
71,0
71,2
71,3
72,0
72,1
72,3
72,4
72,6
73,1
73,2
73,4
74,0
74,2
76,0
76,1
76,3
76,4
76,6
77,1
77,2
78,0
78,1
78,3
78,4
78,6
78,8
79,0
79,2
79,3
79,5
80,0
80,1
80,3
80,4
83,1
83,2
83,4
84,1
84,2
84,4
85,0
85,2
85,4
86,0
86,2
86,3
87,0
87,1
87,3
88,0
88,1
88,3
88,4
89,0
89,2
89,3
90,0
90,1
90,3
91,0
91,1
91,3
92,0
92,2
92,3
92,5
92,7
92,8
94,0
94,1
94,3
94,5
99,0
99,2
99,3
99,5
99,6
99,8
99,10
99,11
99,13
99,14
99,16
99,18
101,0
101,2
101,3
101,5
103,0
103,2
103,5
103,6
103,8
104,0
104,2
104,4
104,5
104,7
104,8
105,1
105,2
105,4
106,1
106,2
106,4
106,5
107,0
107,2
107,3
108,1
108,2
108,4
108,6
108,7
108,9
108,10
108,12
108,13
108,15
108,17
108,18
108,20
108,21
108,23
109,1
109,2
109,4
109,5
110,1
110,2
110,4
111,1
111,2
112,0
112,1
112,3
112,5
112,6
112,4
112,2
111,3
111,0
110,3
110,0
109,3
109,0
108,22
108,19
108,16
108,14
108,11
108,8
108,5
108,3
108,0
107,1
106,6
106,3
106,0
105,3
105,0
104,6
104,3
104,1
103,7
103,3
103,1
101,4
101,1
99,17
99,15
99,12
99,9
99,7
99,4
99,1
94,4
94,2
92,9
92,6
92,4
92,1
91,2
90,4
90,2
89,4
89,1
88,5
88,2
87,4
87,2
86,4
86,1
85,3
85,1
84,3
84,0
83,3
83,0
80,2
79,6
79,4
79,1
78,7
78,5
78,2
77,3
77,0
76,5
76,2
74,3
74,1
73,3
73,0
72,5
72,2
71,4
71,1
70,4
70,1
69,3
69,1
68,129
68,126
68,123
68,121
68,118
68,115
68,113
68,110
68,107
68,104
68,102
68,99
68,96
68,94
68,91
68,88
68,86
68,83
68,80
68,77
68,75
68,72
68,69
68,67
68,64
68,33
68,30
68,28
68,25
68,22
68,20
68,17
68,14
68,11
68,9
68,6
68,3
68,1
67,5
67,2
66,4
66,2
65,4
65,1
64,5
64,2
62,5
62,3
62,0
61,2
60,5
60,3
60,0
59,3
59,1
58,3
58,0
57,2
57,0
56,3
56,0
55,3
55,0
54,3
54,0
53,4
53,1
52,6
52,4
52,1
51,9
51,7
51,4
51,1
50,2
50,0
49,3
49,0
48,3
48,0
47,3
47,0
46,4
46,1
45,4
45,2
44,8
44,5
44,2
44,0
43,4
43,1
42,4
42,1
41,3
41,0
40,3
40,0
39,1
38,4
38,1
37,9
37,7
37,4
37,1
36,4
36,2
35,4
35,1
34,4
34,1
33,4
33,1
32,4
32,1
31,2
31,0
30,3
30,0
29,1
28,5
28,2
27,7
27,5
27,2
26,5
26,3
26,0
25,2
24,7
24,5
24,2
23,4
23,2
22,5
22,2
21,4
21,2
20,5
20,2
20,0
19,2
18,4
18,1
17,14
17,11
17,8
17,6
17,3
17,0
0,536
0,535
0,300
0,299
0,298
0,297
0,296
0,295
0,294
0,293
0,292
0,291
0,290
0,289
0,288
0,287
0,286
0,285
0,284
0,283
0,282
0,281
0,280
0,279
0,278
0,277
0,276
0,275
0,274
0,273
0,272
0,271
0,270
0,269
0,268
0,267
0,266
0,265
0,264
0,263
0,262
0,261
0,260
0,259
0,258
0,257
0,256
0,255
0,254
0,253
0,252
0,251
0,250
0,249
0,248
0,247
0,246
0,245
0,244
0,242
0,241
0,240
0,239
0,238
0,237
0,236
0,235
0,234
0,233
0,232
0,231
0,230
0,229
0,228
0,227
0,226
0,225
0,224
0,223
0,222
0,221
0,220
0,219
0,218
0,217
0,216
0,215
0,214
0,213
0,212
0,211
0,210
0,209
0,208
0,207
0,206
0,205
0,204
0,203
0,202
0,201
0,200
0,199
0,198
0,197
0,196
0,195
0,194
0,193
0,192
0,63
0,62
0,61
0,60
0,59
0,58
0,57
0,56
0,55
0,54
0,53
0,52
0,51
0,50
0,49
0,48
0,47
0,46
0,45
0,6
0,0
0,5
0,304
0,303
0,306
0,305
0,302
0,460
0,12
0,548
0,10
0,8
0,534
0,11
0,4
0,2
0,3
0,7
